[49m    [38;5;243;49m▄[38;5;143;49m▄[38;5;223;48;5;241m▄[38;5;137;48;5;187m▄[38;5;137;48;5;255m▄[38;5;136;48;5;223m▄[38;5;3;48;5;223m▄[38;5;137;48;5;255m▄[38;5;179;48;5;101m▄[38;5;187;49m▄▄[38;5;242;49m▄[49m              [m
[49m  [38;5;243;49m▄[38;5;95;48;5;242m▄[38;5;137;48;5;143m▄[38;5;130;48;5;255m▄[38;5;94;48;5;172m▄[38;5;94;48;5;130m▄[38;5;222;48;5;94m▄[38;5;222;48;5;222m▄[38;5;215;48;5;229m▄[38;5;94;48;5;229m▄[38;5;94;48;5;166m▄[38;5;229;48;5;94m▄[38;5;222;48;5;3m▄[38;5;136;48;5;137m▄[38;5;94;48;5;143m▄[38;5;144;48;5;101m▄[38;5;186;49m▄[49m           [m
[49m [38;5;95;49m▄[38;5;95;48;5;240m▄[38;5;58;48;5;58m▄[38;5;186;48;5;223m▄[38;5;243;48;5;137m▄[38;5;95;48;5;215m▄[38;5;239;48;5;131m▄[38;5;58;48;5;173m▄[38;5;95;48;5;58m▄[38;5;173;48;5;94m▄[38;5;94;48;5;94m▄[38;5;137;48;5;222m▄[38;5;136;48;5;222m▄[38;5;94;48;5;130m▄[38;5;222;48;5;130m▄[38;5;222;48;5;222m▄[38;5;94;48;5;94m▄[38;5;172;48;5;136m▄[38;5;94;48;5;3m▄[38;5;3;48;5;255m▄[38;5;186;49m▄[49m        [m
[38;5;241;49m▄[38;5;101;48;5;101m▄[38;5;58;48;5;58m▄[38;5;234;48;5;235m▄[38;5;180;48;5;180m▄[49m     [49;38;5;59m▀[49;38;5;94m▀[49;38;5;130m▀[38;5;58;48;5;179m▄[38;5;94;48;5;130m▄[38;5;94;48;5;94m▄[38;5;94;48;5;229m▄▄[38;5;136;48;5;94m▄[38;5;229;48;5;172m▄[38;5;208;48;5;94m▄[38;5;58;48;5;3m▄[38;5;94;48;5;187m▄[38;5;186;49m▄[49m      [m
[38;5;238;48;5;239m▄[38;5;94;48;5;95m▄[38;5;58;48;5;58m▄[38;5;58;48;5;235m▄[38;5;94;48;5;137m▄[38;5;179;48;5;230m▄[49m         [49;38;5;94m▀[38;5;240;48;5;130m▄[38;5;94;48;5;215m▄[38;5;94;48;5;222m▄▄[38;5;222;48;5;229m▄[38;5;222;48;5;130m▄[38;5;166;48;5;58m▄[38;5;58;48;5;186m▄[38;5;143;48;5;223m▄[38;5;187;49m▄[49m    [m
[38;5;236;48;5;237m▄[38;5;94;48;5;136m▄[38;5;221;48;5;52m▄[38;5;58;48;5;94m▄[38;5;94;48;5;58m▄[38;5;58;48;5;179m▄[38;5;187;48;5;230m▄[49m           [49;38;5;94m▀[38;5;94;48;5;94m▄▄[38;5;130;48;5;223m▄[38;5;94;48;5;229m▄[38;5;229;48;5;88m▄[38;5;222;48;5;58m▄[38;5;94;48;5;186m▄[38;5;229;48;5;255m▄[49m   [m
[49;38;5;235m▀[38;5;58;48;5;58m▄[38;5;58;48;5;222m▄[38;5;130;48;5;94m▄[38;5;229;48;5;94m▄[38;5;94;48;5;94m▄[38;5;58;48;5;143m▄[38;5;143;48;5;223m▄[38;5;137;49m▄[49m           [49;38;5;58m▀[38;5;94;48;5;94m▄[38;5;94;48;5;215m▄[38;5;58;48;5;94m▄[38;5;223;48;5;130m▄[38;5;94;48;5;166m▄[38;5;136;48;5;58m▄[38;5;143;48;5;223m▄[38;5;15;49m▄[49m [m  [0:33m:: Tolkien API ::
[49m [38;5;240;48;5;58m▄[38;5;94;48;5;94m▄[38;5;94;48;5;173m▄[38;5;136;48;5;136m▄[38;5;94;48;5;94m▄▄[38;5;58;48;5;236m▄[38;5;235;48;5;223m▄[38;5;187;48;5;230m▄[38;5;230;49m▄[49m           [38;5;95;48;5;94m▄[38;5;173;48;5;58m▄[38;5;222;48;5;58m▄[38;5;229;48;5;94m▄[38;5;94;48;5;166m▄[38;5;130;48;5;58m▄[38;5;223;48;5;230m▄[49m [m
[49m  [38;5;242;48;5;58m▄[38;5;94;48;5;94m▄▄[38;5;94;48;5;222m▄[38;5;229;48;5;94m▄[38;5;94;48;5;94m▄[38;5;58;48;5;58m▄▄[38;5;94;48;5;94m▄[38;5;136;48;5;137m▄[38;5;180;49m▄[49m          [38;5;95;48;5;58m▄[38;5;58;48;5;94m▄[38;5;94;48;5;215m▄[38;5;229;48;5;58m▄[38;5;172;48;5;208m▄[38;5;137;48;5;179m▄[38;5;255;48;5;15m▄[m
[49m   [49;38;5;58m▀[38;5;58;48;5;94m▄[38;5;94;48;5;94m▄▄[38;5;136;48;5;221m▄[38;5;230;48;5;229m▄[38;5;130;48;5;94m▄[38;5;94;48;5;58m▄[38;5;94;48;5;94m▄[38;5;58;48;5;137m▄[38;5;94;48;5;3m▄[38;5;3;48;5;243m▄[38;5;179;49m▄[49m        [38;5;58;48;5;130m▄[38;5;95;48;5;215m▄[38;5;222;48;5;222m▄[38;5;94;48;5;1m▄[38;5;94;48;5;137m▄[38;5;255;48;5;15m▄[m
[49m     [49;38;5;94m▀[38;5;94;48;5;94m▄▄[38;5;94;48;5;137m▄[38;5;94;48;5;94m▄[38;5;222;48;5;94m▄[38;5;130;48;5;94m▄[38;5;94;48;5;94m▄[38;5;94;48;5;232m▄[38;5;58;48;5;94m▄[38;5;58;48;5;137m▄[38;5;58;48;5;3m▄[38;5;173;48;5;230m▄[38;5;136;49m▄[38;5;187;49m▄[38;5;95;49m▄[49m   [38;5;243;48;5;242m▄[38;5;131;48;5;95m▄[38;5;130;48;5;95m▄[38;5;144;48;5;166m▄[38;5;254;48;5;180m▄[49;38;5;240m▀[m
[49m       [49;38;5;94m▀[38;5;95;48;5;94m▄[38;5;94;48;5;94m▄▄[38;5;94;48;5;229m▄[38;5;94;48;5;230m▄[38;5;130;48;5;94m▄[38;5;230;48;5;94m▄[38;5;130;48;5;94m▄[38;5;94;48;5;94m▄[38;5;94;48;5;58m▄[38;5;94;48;5;94m▄[38;5;52;48;5;136m▄[38;5;58;48;5;136m▄[38;5;58;48;5;187m▄[38;5;172;48;5;255m▄[38;5;94;48;5;187m▄[38;5;94;48;5;230m▄[38;5;94;48;5;223m▄[38;5;58;48;5;137m▄[38;5;95;48;5;179m▄[49;38;5;238m▀[49m [m
[49m         [49;38;5;59m▀[49;38;5;94m▀[38;5;94;48;5;94m▄▄▄▄▄[38;5;94;48;5;229m▄[38;5;173;48;5;94m▄[38;5;136;48;5;173m▄[38;5;94;48;5;58m▄[38;5;94;48;5;94m▄▄[38;5;95;48;5;94m▄[38;5;173;48;5;58m▄[38;5;58;48;5;58m▄[38;5;179;48;5;236m▄[49;38;5;101m▀[49m   [m
[49m             [49;38;5;95m▀▀[49;38;5;58m▀[38;5;95;48;5;94m▄[38;5;239;48;5;94m▄[38;5;95;48;5;94m▄▄▄▄[38;5;242;48;5;137m▄[49;38;5;101m▀[49;38;5;95m▀[49m     [m